ITER= 12
AOA= 1.14595660986729
SIDESLIP_ANGLE= 0
DCD_DCL_VALUE= 0.0602836858068847
DCMZ_DCL_VALUE= 0.194115730280251
INITIAL_BCTHRUST= 4000
