ITER= 594
AOA= 1.14595660986729
SIDESLIP_ANGLE= 0
DCD_DCL_VALUE= 0.0708427055641378
DCMZ_DCL_VALUE= 0.127793287704131
INITIAL_BCTHRUST= 4000
