ITER= 12
AOA= 1.14595660986729
SIDESLIP_ANGLE= 0
DCD_DCL_VALUE= 0.0705588002863899
DCMZ_DCL_VALUE= 0.129055701908496
INITIAL_BCTHRUST= 4000
