ITER= 12
AOA= 1.14595660986729
SIDESLIP_ANGLE= 0
DCD_DCL_VALUE= 0.0705334952101821
DCMZ_DCL_VALUE= 0.128733750666835
INITIAL_BCTHRUST= 4000
