ITER= 12
AOA= 1.14595660986729
SIDESLIP_ANGLE= 0
DCD_DCL_VALUE= 0.070315449005886
DCMZ_DCL_VALUE= 0.131297020526618
INITIAL_BCTHRUST= 4000
